0.000000,0.376560,0.355175,0.326788,0.308321,0.394977
1.000000,0.381126,0.362253,0.332192,0.311898,0.382801
2.000000,0.388432,0.368493,0.337100,0.315956,0.394216
3.000000,0.393607,0.374505,0.341971,0.320041,0.394216
4.000000,0.390715,0.379528,0.346499,0.323871,0.387367
5.000000,0.388432,0.382496,0.350837,0.327626,0.383562
6.000000,0.386149,0.383638,0.354680,0.330999,0.371385
7.000000,0.381279,0.384855,0.358067,0.334399,0.369863
8.000000,0.377778,0.385693,0.361682,0.338001,0.376712
9.000000,0.376104,0.383409,0.365297,0.341603,0.378995
10.000000,0.372907,0.380670,0.367922,0.344749,0.367580
11.000000,0.372603,0.379376,0.370814,0.347920,0.369863
12.000000,0.372907,0.377093,0.372793,0.350431,0.371385
13.000000,0.372146,0.374962,0.374734,0.352968,0.372907
14.000000,0.373059,0.374581,0.377055,0.355860,0.383562
15.000000,0.376256,0.374581,0.378539,0.358752,0.383562
16.000000,0.378691,0.375647,0.379642,0.361669,0.382040
17.000000,0.381126,0.377017,0.380936,0.364384,0.383562
18.000000,0.383866,0.378006,0.381849,0.367123,0.386606
19.000000,0.385388,0.379224,0.381317,0.369939,0.391172
20.000000,0.386606,0.381431,0.381050,0.372425,0.389650
21.000000,0.388737,0.383714,0.381545,0.375114,0.392694
22.000000,0.392390,0.386758,0.381925,0.377448,0.401826
23.000000,0.395434,0.389650,0.382306,0.379706,0.401826
24.000000,0.397565,0.391476,0.383029,0.381862,0.401826
25.000000,0.400761,0.393683,0.384132,0.383587,0.405632
26.000000,0.401826,0.395282,0.385464,0.384855,0.398021
27.000000,0.400609,0.396499,0.386758,0.386124,0.395738
28.000000,0.400761,0.398097,0.388052,0.387265,0.402588
29.000000,0.402435,0.400000,0.389612,0.387544,0.410198
30.000000,0.404262,0.402511,0.391971,0.388204,0.414764
31.000000,0.408067,0.404947,0.394330,0.389346,0.417047
32.000000,0.410807,0.405708,0.396233,0.389853,0.409437
33.000000,0.411568,0.406164,0.397907,0.390259,0.406393
34.000000,0.409589,0.406012,0.398744,0.390690,0.400304
35.000000,0.405327,0.404795,0.399239,0.391020,0.393455
36.000000,0.400913,0.404490,0.399886,0.391806,0.394977
37.000000,0.398782,0.404795,0.400647,0.392770,0.398782
38.000000,0.397869,0.404718,0.401408,0.393607,0.401826
39.000000,0.397717,0.403653,0.401826,0.394292,0.399543
40.000000,0.398630,0.401979,0.402245,0.395307,0.398021
41.000000,0.405327,0.403120,0.404033,0.397260,0.428463
42.000000,0.410198,0.404490,0.405099,0.398985,0.423135
43.000000,0.413242,0.405556,0.405860,0.400457,0.417047
44.000000,0.414764,0.406240,0.406126,0.401243,0.407154
45.000000,0.419026,0.408828,0.406811,0.402435,0.419330
46.000000,0.418417,0.411872,0.408181,0.403881,0.425419
47.000000,0.419330,0.414764,0.409779,0.405353,0.427702
48.000000,0.419482,0.416362,0.410540,0.406393,0.417808
49.000000,0.421766,0.418265,0.410959,0.407306,0.418569
50.000000,0.422831,0.420928,0.411454,0.408473,0.424658
51.000000,0.419939,0.419178,0.411149,0.409082,0.410959
52.000000,0.417199,0.418265,0.411377,0.409488,0.414003
53.000000,0.415221,0.417352,0.411454,0.409691,0.407915
54.000000,0.415068,0.418417,0.412329,0.410223,0.417808
55.000000,0.414460,0.418645,0.413737,0.410756,0.421613
56.000000,0.415525,0.417732,0.414802,0.411365,0.416286
57.000000,0.414764,0.415982,0.415373,0.411847,0.410198
58.000000,0.415221,0.415221,0.415791,0.412100,0.410198
59.000000,0.412481,0.413775,0.416020,0.411898,0.404110
60.000000,0.410959,0.412709,0.416819,0.411872,0.414003
61.000000,0.412633,0.414079,0.416629,0.412126,0.424658
62.000000,0.417808,0.416286,0.417275,0.413014,0.436073
63.000000,0.421461,0.418341,0.417846,0.413749,0.428463
64.000000,0.428158,0.420320,0.419368,0.414992,0.437595
65.000000,0.432725,0.421842,0.420244,0.416438,0.436834
66.000000,0.434703,0.423668,0.420700,0.417757,0.434551
67.000000,0.433029,0.425419,0.420700,0.418721,0.427702
68.000000,0.432572,0.427017,0.421119,0.419533,0.426180
69.000000,0.429528,0.428843,0.421309,0.420294,0.422374
70.000000,0.428158,0.430441,0.421575,0.421360,0.429985
71.000000,0.426027,0.430365,0.422222,0.421208,0.423896
72.000000,0.428158,0.430594,0.423440,0.421715,0.438356
73.000000,0.430137,0.431355,0.424848,0.422349,0.436073
74.000000,0.435160,0.432344,0.426332,0.423694,0.447489
75.000000,0.441248,0.434703,0.428272,0.425063,0.460426
76.000000,0.448554,0.437291,0.430479,0.426230,0.460426
77.000000,0.453881,0.441020,0.433219,0.427473,0.464992
78.000000,0.457686,0.443912,0.435464,0.428716,0.455099
79.000000,0.459209,0.447184,0.438014,0.429934,0.455099
80.000000,0.463014,0.452131,0.441286,0.431761,0.479452
81.000000,0.467732,0.458143,0.444254,0.434196,0.484018
82.000000,0.470472,0.462177,0.446385,0.436352,0.478691
83.000000,0.475951,0.466819,0.449087,0.438838,0.482496
84.000000,0.480518,0.469863,0.451104,0.440842,0.477930
85.000000,0.480365,0.471689,0.453196,0.442745,0.478691
86.000000,0.476712,0.472222,0.454756,0.444394,0.465753
87.000000,0.473668,0.472070,0.456545,0.446169,0.463470
88.000000,0.469711,0.472831,0.458371,0.447920,0.462709
89.000000,0.468189,0.474353,0.460769,0.450127,0.470320
90.000000,0.464384,0.472374,0.462253,0.451649,0.459665
91.000000,0.462557,0.469635,0.463889,0.452714,0.456621
92.000000,0.459361,0.466514,0.464346,0.453095,0.447489
93.000000,0.456317,0.463014,0.464916,0.453729,0.447489
94.000000,0.450989,0.459589,0.464726,0.453932,0.443683
95.000000,0.448250,0.456317,0.464003,0.454236,0.445967
96.000000,0.447032,0.454795,0.463508,0.454769,0.450533
97.000000,0.440944,0.450152,0.461111,0.454414,0.417047
98.000000,0.437747,0.447032,0.459932,0.454592,0.431507
99.000000,0.433638,0.442314,0.458333,0.454617,0.423135
100.000000,0.426941,0.437595,0.454985,0.454033,0.412481
101.000000,0.417199,0.432116,0.450875,0.453298,0.401826
102.000000,0.410502,0.425723,0.446119,0.451471,0.383562
103.000000,0.396651,0.417199,0.440107,0.449011,0.362253
104.000000,0.393303,0.413470,0.436530,0.447641,0.406393
105.000000,0.388584,0.407763,0.432040,0.445256,0.388889
106.000000,0.384779,0.400989,0.427892,0.442669,0.382801
107.000000,0.381887,0.396195,0.423174,0.439472,0.369102
108.000000,0.381887,0.389269,0.418151,0.436377,0.362253
109.000000,0.378082,0.385693,0.414003,0.434120,0.387367
110.000000,0.379300,0.383942,0.410769,0.431304,0.394977
111.000000,0.382344,0.383562,0.407839,0.428437,0.398021
112.000000,0.388280,0.385084,0.405403,0.425774,0.398782
113.000000,0.396195,0.389041,0.403120,0.423085,0.401826
114.000000,0.396804,0.387443,0.400457,0.420167,0.390411
115.000000,0.396195,0.387747,0.397755,0.417275,0.391933
116.000000,0.394825,0.388584,0.394787,0.414789,0.391172
117.000000,0.395129,0.391705,0.393950,0.412684,0.400304
118.000000,0.397412,0.396804,0.393037,0.411035,0.413242
119.000000,0.402588,0.399696,0.392694,0.409234,0.416286
120.000000,0.411111,0.403653,0.393798,0.408397,0.434551
121.000000,0.420700,0.407763,0.395662,0.407813,0.439117
122.000000,0.429985,0.412557,0.398820,0.407788,0.446728
123.000000,0.438356,0.417884,0.403463,0.408042,0.455099
124.000000,0.444444,0.423516,0.405479,0.408143,0.446728
125.000000,0.446728,0.428919,0.408333,0.408143,0.445967
126.000000,0.447184,0.433942,0.411263,0.407839,0.441400
127.000000,0.445358,0.437671,0.414688,0.408524,0.437595
128.000000,0.442009,0.440183,0.418493,0.408752,0.438356
129.000000,0.440639,0.442542,0.421119,0.409310,0.439878
130.000000,0.438204,0.442466,0.423059,0.410020,0.433790
131.000000,0.438508,0.442846,0.425304,0.411390,0.442922
132.000000,0.437291,0.441324,0.426941,0.412988,0.431507
133.000000,0.435312,0.438661,0.428272,0.415195,0.428463
134.000000,0.434551,0.437595,0.430556,0.416185,0.436073
135.000000,0.434855,0.436530,0.432725,0.417732,0.435312
136.000000,0.434247,0.436377,0.435160,0.419635,0.439878
137.000000,0.435464,0.436377,0.437024,0.421918,0.437595
138.000000,0.436225,0.435769,0.437976,0.424252,0.432268
139.000000,0.437139,0.435845,0.439193,0.426027,0.440639
140.000000,0.442161,0.438508,0.440487,0.428209,0.460426
141.000000,0.450228,0.442237,0.442542,0.430949,0.480213
142.000000,0.457230,0.446347,0.443836,0.433409,0.472603
143.000000,0.466667,0.451446,0.445053,0.435997,0.479452
144.000000,0.475799,0.456469,0.447032,0.439193,0.486301
145.000000,0.478387,0.460274,0.448402,0.441908,0.473364
146.000000,0.475951,0.463090,0.449734,0.444470,0.468037
147.000000,0.474277,0.465753,0.451065,0.446601,0.464231
148.000000,0.469863,0.468265,0.452017,0.448072,0.457382
149.000000,0.464536,0.470167,0.453006,0.449518,0.459665
150.000000,0.462709,0.470548,0.454528,0.450507,0.464231
151.000000,0.461187,0.468569,0.455403,0.451218,0.460426
152.000000,0.460426,0.467352,0.456849,0.451674,0.460426
153.000000,0.460578,0.465221,0.458333,0.451776,0.458143
154.000000,0.461339,0.462938,0.459703,0.452334,0.463470
155.000000,0.461339,0.462024,0.461149,0.452943,0.464231
156.000000,0.461948,0.461568,0.462329,0.453678,0.463470
157.000000,0.462100,0.461263,0.463508,0.454465,0.461187
158.000000,0.462861,0.461720,0.464992,0.455251,0.461948
159.000000,0.463166,0.462253,0.466210,0.456088,0.464992
160.000000,0.462709,0.462024,0.466286,0.457027,0.461948
161.000000,0.462253,0.462100,0.465335,0.457636,0.461187
162.000000,0.457078,0.459589,0.463470,0.457763,0.435312
163.000000,0.452207,0.457534,0.461377,0.458067,0.437595
164.000000,0.447641,0.455403,0.459170,0.458270,0.442161
165.000000,0.443379,0.453044,0.457534,0.458447,0.440639
166.000000,0.439726,0.450989,0.456279,0.458549,0.442922
167.000000,0.440791,0.448935,0.455099,0.458650,0.440639
168.000000,0.443379,0.447793,0.454756,0.459259,0.450533
169.000000,0.445510,0.446575,0.454414,0.459665,0.452816
170.000000,0.449467,0.446423,0.454224,0.459665,0.460426
171.000000,0.452816,0.446271,0.454186,0.458980,0.459665
172.000000,0.457686,0.449239,0.454414,0.458727,0.464992
173.000000,0.462709,0.453044,0.455289,0.458600,0.475647
174.000000,0.466514,0.456012,0.455708,0.458118,0.471842
175.000000,0.469406,0.459437,0.456240,0.458168,0.474886
176.000000,0.472603,0.462709,0.456849,0.458422,0.475647
177.000000,0.474886,0.466286,0.457610,0.458828,0.476408
178.000000,0.474886,0.468798,0.458295,0.459437,0.475647
179.000000,0.475799,0.471157,0.458866,0.459995,0.476408
180.000000,0.476256,0.472831,0.459627,0.460426,0.477169
181.000000,0.475190,0.473896,0.460084,0.460756,0.470320
182.000000,0.474277,0.474581,0.461910,0.461136,0.471842
183.000000,0.472603,0.473744,0.463394,0.461441,0.467275
184.000000,0.470928,0.473364,0.464688,0.461593,0.468037
185.000000,0.467732,0.471994,0.465715,0.461492,0.461187
186.000000,0.464840,0.470015,0.466362,0.461238,0.455860
187.000000,0.461035,0.467656,0.466971,0.460959,0.452816
188.000000,0.458447,0.465525,0.467161,0.460705,0.454338
189.000000,0.456317,0.463623,0.467390,0.460452,0.457382
190.000000,0.457839,0.462785,0.467808,0.460680,0.468798
191.000000,0.459970,0.462405,0.468151,0.460857,0.466514
192.000000,0.461948,0.461492,0.468037,0.461771,0.462709
193.000000,0.464688,0.461568,0.467656,0.462785,0.468037
194.000000,0.465601,0.460959,0.467161,0.463445,0.461948
195.000000,0.466971,0.462405,0.467199,0.464612,0.475647
196.000000,0.469102,0.464536,0.467275,0.465753,0.477169
197.000000,0.471385,0.466667,0.467161,0.466870,0.474125
198.000000,0.473059,0.468874,0.467199,0.467732,0.476408
199.000000,0.475799,0.470700,0.467161,0.468493,0.475647
200.000000,0.475647,0.471309,0.467047,0.468975,0.474886
201.000000,0.473516,0.471309,0.466857,0.469203,0.466514
202.000000,0.472755,0.472070,0.466781,0.469381,0.470320
203.000000,0.471537,0.472298,0.466933,0.469203,0.470320
204.000000,0.467580,0.471689,0.466324,0.468671,0.455860
205.000000,0.463166,0.469406,0.465906,0.467935,0.452816
206.000000,0.463623,0.468569,0.466553,0.467707,0.468798
207.000000,0.463166,0.467960,0.467314,0.467428,0.468037
208.000000,0.462253,0.466895,0.467884,0.467098,0.465753
209.000000,0.464231,0.465906,0.468303,0.466743,0.465753
210.000000,0.467275,0.465221,0.468265,0.466438,0.468037
211.000000,0.468037,0.465830,0.468569,0.466514,0.472603
212.000000,0.475951,0.469559,0.470814,0.467707,0.507610
213.000000,0.491020,0.476636,0.474467,0.470167,0.541096
214.000000,0.504566,0.484399,0.478044,0.472349,0.533486
215.000000,0.517808,0.492542,0.480974,0.474784,0.534247
216.000000,0.529985,0.499011,0.483790,0.477372,0.533486
217.000000,0.535464,0.505708,0.486834,0.480112,0.535008
218.000000,0.535008,0.513014,0.489954,0.482927,0.538813
219.000000,0.538204,0.521385,0.493645,0.485997,0.549467
220.000000,0.541705,0.529756,0.497489,0.488762,0.551750
221.000000,0.544597,0.537291,0.501560,0.491476,0.547945
222.000000,0.547641,0.541553,0.505556,0.494394,0.550228
223.000000,0.554186,0.544597,0.510616,0.497844,0.571537
224.000000,0.561035,0.549619,0.517009,0.501903,0.583714
225.000000,0.568341,0.555023,0.523782,0.505657,0.588280
226.000000,0.575038,0.559817,0.529414,0.509132,0.581431
227.000000,0.578387,0.563014,0.534361,0.512227,0.566971
228.000000,0.577321,0.565753,0.539384,0.515221,0.566210
229.000000,0.572451,0.566743,0.544064,0.518011,0.559361
230.000000,0.565145,0.566743,0.548250,0.520573,0.551750
231.000000,0.558447,0.566743,0.552017,0.523288,0.547945
232.000000,0.553577,0.565982,0.553767,0.525698,0.542618
233.000000,0.548250,0.562785,0.553691,0.528006,0.539574
234.000000,0.543379,0.557915,0.553767,0.530644,0.535008
235.000000,0.540183,0.552664,0.553843,0.533409,0.535769
236.000000,0.536986,0.547717,0.553767,0.535515,0.531963
237.000000,0.534094,0.543836,0.553425,0.537519,0.528158
238.000000,0.530289,0.539269,0.552511,0.539346,0.520548
239.000000,0.526027,0.534703,0.550723,0.540944,0.513699
240.000000,0.520700,0.530441,0.548592,0.542314,0.509132
241.000000,0.518569,0.527778,0.547260,0.543937,0.521309
242.000000,0.518569,0.526332,0.546157,0.544622,0.528158
243.000000,0.522831,0.526560,0.544673,0.544647,0.541857
244.000000,0.529985,0.528006,0.542960,0.545180,0.549467
245.000000,0.539117,0.529909,0.541286,0.545865,0.554795
246.000000,0.544292,0.531431,0.539574,0.546322,0.547184
247.000000,0.548250,0.533409,0.538623,0.546753,0.547945
248.000000,0.549163,0.535997,0.537633,0.547007,0.546423
249.000000,0.546880,0.538432,0.536568,0.546626,0.538052
250.000000,0.544140,0.541629,0.536035,0.546271,0.541096
251.000000,0.544901,0.544597,0.536187,0.546372,0.550989
252.000000,0.545814,0.547032,0.536682,0.546449,0.552511
253.000000,0.550533,0.549848,0.538204,0.546398,0.570015
254.000000,0.558752,0.552816,0.540411,0.546246,0.579148
255.000000,0.567123,0.555632,0.542770,0.546068,0.582953
256.000000,0.571081,0.557991,0.544711,0.545713,0.570776
257.000000,0.571842,0.558828,0.546119,0.545358,0.556317
258.000000,0.564992,0.557763,0.546880,0.544343,0.535769
259.000000,0.555860,0.557306,0.547869,0.543480,0.533486
260.000000,0.549011,0.558067,0.549848,0.543379,0.548706
261.000000,0.540639,0.555860,0.550228,0.542745,0.528919
262.000000,0.533333,0.552588,0.549810,0.541984,0.519787
263.000000,0.528158,0.546575,0.548212,0.540994,0.509893
264.000000,0.519026,0.537443,0.545129,0.539422,0.487823
265.000000,0.507610,0.528311,0.541971,0.537950,0.491629
266.000000,0.501218,0.520928,0.539460,0.536783,0.496956
267.000000,0.500304,0.516819,0.537823,0.536352,0.515221
268.000000,0.502740,0.515449,0.536606,0.536403,0.522070
269.000000,0.512329,0.515677,0.536492,0.537139,0.535769
270.000000,0.519330,0.513470,0.535769,0.537722,0.526636
271.000000,0.521613,0.511416,0.533638,0.537291,0.508371
272.000000,0.517199,0.508752,0.530670,0.536124,0.493151
273.000000,0.514307,0.508524,0.527549,0.534982,0.507610
274.000000,0.509741,0.511035,0.524239,0.533765,0.512938
275.000000,0.506240,0.512785,0.520548,0.532243,0.509132
276.000000,0.511568,0.516591,0.518760,0.531837,0.535008
277.000000,0.519635,0.518417,0.517618,0.531355,0.533486
278.000000,0.525419,0.519863,0.517656,0.531025,0.536530
279.000000,0.527549,0.518645,0.517161,0.530543,0.523592
280.000000,0.529680,0.517960,0.515715,0.529833,0.519787
281.000000,0.526484,0.519026,0.515221,0.528767,0.519026
282.000000,0.519939,0.519787,0.514269,0.527042,0.500761
283.000000,0.511263,0.518341,0.513432,0.524480,0.493151
284.000000,0.506393,0.516971,0.514003,0.521816,0.499239
285.000000,0.502131,0.515906,0.514346,0.519001,0.498478
286.000000,0.497412,0.511948,0.514269,0.516489,0.495434
287.000000,0.495586,0.507763,0.513090,0.514333,0.491629
288.000000,0.496043,0.503653,0.511758,0.512988,0.495434
289.000000,0.494977,0.500685,0.509665,0.511669,0.493912
290.000000,0.495129,0.498630,0.508295,0.510020,0.499239
291.000000,0.496651,0.497032,0.508029,0.509158,0.503044
292.000000,0.494977,0.495282,0.507534,0.507940,0.483257
293.000000,0.494825,0.495434,0.506887,0.507433,0.494673
294.000000,0.494825,0.494901,0.505936,0.507636,0.493912
295.000000,0.490868,0.492998,0.504452,0.507230,0.479452
296.000000,0.489650,0.493151,0.502549,0.507230,0.496956
297.000000,0.494216,0.494597,0.501180,0.506925,0.506088
298.000000,0.495282,0.495053,0.499353,0.506190,0.500000
299.000000,0.498478,0.496651,0.498668,0.505327,0.509893
300.000000,0.505632,0.498250,0.498440,0.504947,0.515221
301.000000,0.513851,0.501750,0.499391,0.505936,0.538052
302.000000,0.520244,0.507230,0.501256,0.507433,0.538052
303.000000,0.526332,0.510807,0.503120,0.508194,0.530441
304.000000,0.531202,0.514840,0.504871,0.508904,0.534247
305.000000,0.532725,0.519178,0.506088,0.509361,0.522831
306.000000,0.529224,0.521537,0.507344,0.508879,0.520548
307.000000,0.522070,0.521157,0.507877,0.507839,0.502283
308.000000,0.513699,0.520015,0.507534,0.506240,0.488584
309.000000,0.505023,0.518113,0.507382,0.505150,0.490868
310.000000,0.497108,0.514916,0.506583,0.503932,0.483257
311.000000,0.489498,0.509361,0.505556,0.502714,0.482496
312.000000,0.487367,0.504718,0.505974,0.502410,0.491629
313.000000,0.489193,0.501446,0.506126,0.502562,0.497717
314.000000,0.491781,0.498402,0.506621,0.502714,0.503805
315.000000,0.496499,0.496804,0.507991,0.502993,0.506849
316.000000,0.500761,0.495129,0.508333,0.503272,0.503805
317.000000,0.500457,0.493912,0.507534,0.503222,0.490107
318.000000,0.500761,0.494977,0.507496,0.503349,0.499239
319.000000,0.498935,0.495358,0.506735,0.503374,0.494673
320.000000,0.497412,0.496956,0.505936,0.503374,0.499239
321.000000,0.493760,0.497260,0.503311,0.502790,0.485540
322.000000,0.491629,0.496043,0.500381,0.502664,0.479452
323.000000,0.488737,0.494749,0.498097,0.502334,0.484779
324.000000,0.486910,0.492922,0.495662,0.502055,0.485540
325.000000,0.480974,0.489193,0.492998,0.501725,0.469559
326.000000,0.478387,0.486073,0.490601,0.500913,0.472603
327.000000,0.477473,0.484551,0.489231,0.499873,0.474886
328.000000,0.475038,0.481887,0.488432,0.498960,0.472603
329.000000,0.473820,0.480365,0.487861,0.497945,0.479452
330.000000,0.476865,0.478919,0.487938,0.496930,0.484779
331.000000,0.480974,0.479680,0.488470,0.495434,0.493151
332.000000,0.484475,0.480974,0.488508,0.493912,0.492390
333.000000,0.488432,0.481735,0.488242,0.492643,0.492390
334.000000,0.490715,0.482268,0.487595,0.491197,0.490868
335.000000,0.492237,0.484551,0.486872,0.490183,0.492390
336.000000,0.495129,0.488052,0.487062,0.489751,0.507610
337.000000,0.499696,0.492085,0.488318,0.490183,0.515221
338.000000,0.504414,0.496423,0.489155,0.491096,0.515982
339.000000,0.509132,0.499924,0.490145,0.491882,0.514460
340.000000,0.510198,0.501218,0.490068,0.492364,0.497717
341.000000,0.508067,0.501598,0.490639,0.492846,0.496956
342.000000,0.503957,0.501826,0.491400,0.492948,0.494673
343.000000,0.500457,0.502435,0.492085,0.492973,0.498478
344.000000,0.497869,0.503501,0.492884,0.492897,0.501522
345.000000,0.499391,0.504795,0.494673,0.492846,0.505327
346.000000,0.500304,0.504186,0.496119,0.492770,0.501522
347.000000,0.502892,0.503425,0.497755,0.493354,0.507610
348.000000,0.504262,0.502359,0.499391,0.493557,0.505327
349.000000,0.505479,0.501674,0.500799,0.493988,0.507610
350.000000,0.506240,0.502816,0.502017,0.494318,0.509132
351.000000,0.506545,0.503425,0.502511,0.494901,0.503044
352.000000,0.510502,0.506697,0.504262,0.496499,0.527397
353.000000,0.514307,0.509285,0.505860,0.497818,0.524353
354.000000,0.516591,0.511035,0.507268,0.498935,0.519026
355.000000,0.519635,0.512938,0.508866,0.500761,0.524353
356.000000,0.524962,0.515753,0.509970,0.502664,0.529680
357.000000,0.523288,0.516895,0.510160,0.504135,0.519026
358.000000,0.524505,0.519406,0.510883,0.506063,0.530441
359.000000,0.527245,0.521918,0.511796,0.507839,0.532725
360.000000,0.529528,0.524581,0.513699,0.509538,0.535769
361.000000,0.529680,0.527321,0.515373,0.510781,0.530441
362.000000,0.531507,0.527397,0.517047,0.511974,0.528158
363.000000,0.531659,0.528082,0.518683,0.513267,0.531202
364.000000,0.532420,0.529833,0.520434,0.514789,0.536530
365.000000,0.536986,0.533257,0.523097,0.516996,0.558600
366.000000,0.542618,0.536149,0.525951,0.518696,0.558600
367.000000,0.547184,0.539346,0.528120,0.519888,0.550989
368.000000,0.551142,0.541400,0.530403,0.521055,0.550989
369.000000,0.552207,0.542314,0.532116,0.521969,0.541857
370.000000,0.549011,0.542998,0.533790,0.523465,0.542618
371.000000,0.544597,0.543607,0.535464,0.524784,0.536530
372.000000,0.540335,0.543760,0.535578,0.525951,0.529680
373.000000,0.536834,0.543988,0.536035,0.527118,0.533486
374.000000,0.535312,0.543760,0.536796,0.528209,0.534247
375.000000,0.532116,0.540563,0.536910,0.528919,0.526636
376.000000,0.529376,0.536986,0.536568,0.529630,0.522831
377.000000,0.528919,0.534627,0.536986,0.530289,0.527397
378.000000,0.528615,0.532725,0.537062,0.531177,0.531963
379.000000,0.527854,0.531583,0.536948,0.531938,0.530441
380.000000,0.528158,0.530137,0.536568,0.532572,0.528158
381.000000,0.530594,0.529985,0.536796,0.533638,0.535008
382.000000,0.532116,0.530518,0.537139,0.533891,0.535008
383.000000,0.532877,0.530746,0.537367,0.534272,0.535769
384.000000,0.536377,0.532116,0.537938,0.535236,0.547945
385.000000,0.540335,0.534247,0.537405,0.536022,0.547945
386.000000,0.540487,0.535540,0.536263,0.536225,0.535769
387.000000,0.540639,0.536377,0.535502,0.536783,0.535769
388.000000,0.541096,0.536986,0.534855,0.537037,0.538052
389.000000,0.539117,0.537747,0.534665,0.537215,0.538052
390.000000,0.536986,0.538661,0.534399,0.537265,0.537291
391.000000,0.536682,0.538584,0.534285,0.537392,0.534247
392.000000,0.538052,0.539346,0.534932,0.537874,0.542618
393.000000,0.538204,0.539650,0.535198,0.538128,0.538813
394.000000,0.538965,0.539041,0.535578,0.538305,0.541857
395.000000,0.541096,0.539041,0.536644,0.537950,0.547945
396.000000,0.544749,0.540715,0.538128,0.537747,0.552511
397.000000,0.546575,0.542314,0.539346,0.537773,0.551750
398.000000,0.550228,0.544216,0.540601,0.537976,0.557078
399.000000,0.554338,0.546651,0.542199,0.538661,0.562405
400.000000,0.558752,0.549924,0.544292,0.539574,0.570015
401.000000,0.562557,0.553653,0.546119,0.540741,0.571537
402.000000,0.566819,0.556697,0.548021,0.542187,0.573059
403.000000,0.571537,0.560883,0.550266,0.543760,0.580670
404.000000,0.576104,0.565221,0.552131,0.545459,0.585236
405.000000,0.579452,0.569102,0.554072,0.547463,0.586758
406.000000,0.583562,0.573059,0.556887,0.549772,0.592085
407.000000,0.588584,0.577702,0.560008,0.552131,0.598174
408.000000,0.590259,0.580898,0.562557,0.554033,0.589041
409.000000,0.598935,0.587519,0.567085,0.557306,0.628615
410.000000,0.603805,0.591629,0.570776,0.560071,0.611111
411.000000,0.607915,0.595738,0.574696,0.562659,0.612633
412.000000,0.610198,0.599391,0.578044,0.565145,0.609589
413.000000,0.616438,0.603349,0.582116,0.567960,0.620244
414.000000,0.613546,0.606240,0.585731,0.570167,0.614155
415.000000,0.613242,0.608524,0.588813,0.572222,0.609589
416.000000,0.614764,0.611339,0.592199,0.575038,0.620244
417.000000,0.615068,0.612633,0.595167,0.577549,0.611111
418.000000,0.613546,0.614992,0.597945,0.580036,0.612633
419.000000,0.612785,0.613166,0.600342,0.582445,0.610350
420.000000,0.614612,0.613927,0.602778,0.585160,0.618721
421.000000,0.615221,0.614992,0.605365,0.588128,0.623288
422.000000,0.616286,0.615677,0.607534,0.590589,0.616438
423.000000,0.618265,0.615906,0.609627,0.593379,0.622527
424.000000,0.621157,0.616971,0.611606,0.596144,0.624810
425.000000,0.621918,0.618265,0.613394,0.598630,0.622527
426.000000,0.623440,0.619330,0.615335,0.601243,0.630898
427.000000,0.625114,0.620700,0.616667,0.603678,0.624810
428.000000,0.622374,0.620320,0.617656,0.605403,0.608828
429.000000,0.624353,0.622755,0.617960,0.607813,0.634703
430.000000,0.627549,0.624734,0.619330,0.610096,0.638508
431.000000,0.628463,0.625951,0.620472,0.612227,0.635464
432.000000,0.627854,0.626484,0.621081,0.613851,0.621766
433.000000,0.628767,0.625571,0.620738,0.614942,0.613394
434.000000,0.621613,0.622983,0.619977,0.615398,0.598935
435.000000,0.614003,0.620776,0.619521,0.615855,0.600457
436.000000,0.611720,0.620091,0.619711,0.616920,0.624049
437.000000,0.610502,0.619178,0.619939,0.617504,0.615677
438.000000,0.609893,0.619330,0.619825,0.618214,0.610350
439.000000,0.613546,0.617580,0.620167,0.617834,0.617199
440.000000,0.614003,0.614003,0.619368,0.617555,0.602740
441.000000,0.611111,0.611416,0.618683,0.617453,0.609589
442.000000,0.608371,0.609437,0.617960,0.617199,0.601979
443.000000,0.608980,0.609437,0.617504,0.616971,0.613394
444.000000,0.607458,0.610502,0.616743,0.616819,0.609589
445.000000,0.608524,0.611263,0.616020,0.616768,0.608067
446.000000,0.610654,0.610883,0.615487,0.616768,0.620244
447.000000,0.612633,0.610502,0.614840,0.616794,0.611872
448.000000,0.618569,0.613775,0.616553,0.617808,0.643075
449.000000,0.622070,0.614764,0.616172,0.618366,0.627093
450.000000,0.625266,0.616895,0.615449,0.618544,0.624049
451.000000,0.624201,0.617428,0.614422,0.618265,0.614916
452.000000,0.627702,0.620167,0.614802,0.618696,0.629376
453.000000,0.625875,0.622222,0.615830,0.619077,0.633942
454.000000,0.627549,0.624810,0.617656,0.619432,0.635464
455.000000,0.629680,0.627473,0.619368,0.619838,0.634703
456.000000,0.635160,0.629680,0.620282,0.620218,0.642314
457.000000,0.633638,0.630670,0.620586,0.620117,0.621766
458.000000,0.629680,0.627778,0.620776,0.620294,0.614155
459.000000,0.625419,0.626484,0.620624,0.619609,0.614155
460.000000,0.614307,0.621994,0.619444,0.617631,0.579148
461.000000,0.604566,0.619863,0.618645,0.616235,0.593607
462.000000,0.599848,0.616743,0.618455,0.615449,0.598174
463.000000,0.597565,0.613623,0.617922,0.615094,0.602740
464.000000,0.595434,0.610426,0.617618,0.615246,0.603501
465.000000,0.598935,0.606621,0.617047,0.615119,0.596651
466.000000,0.601065,0.602816,0.616248,0.614460,0.604262
467.000000,0.603044,0.601446,0.616058,0.614206,0.608067
468.000000,0.605784,0.601674,0.614726,0.614409,0.616438
469.000000,0.607763,0.601598,0.614041,0.614282,0.613394
470.000000,0.612024,0.605479,0.613737,0.614789,0.617960
471.000000,0.614764,0.607915,0.613889,0.615068,0.617960
472.000000,0.616895,0.609970,0.613356,0.615627,0.618721
473.000000,0.612329,0.609056,0.611339,0.614967,0.593607
474.000000,0.608219,0.607991,0.609209,0.614409,0.592846
475.000000,0.602131,0.607078,0.606849,0.613724,0.587519
476.000000,0.591324,0.603044,0.602930,0.611847,0.563927
477.000000,0.581279,0.599087,0.600266,0.610401,0.568493
478.000000,0.572451,0.592390,0.597032,0.607281,0.549467
479.000000,0.563014,0.585616,0.593607,0.604566,0.545662
480.000000,0.556621,0.579376,0.592428,0.602283,0.555556
481.000000,0.556164,0.573744,0.590830,0.600507,0.561644
482.000000,0.554795,0.568037,0.589003,0.598250,0.561644
483.000000,0.558904,0.565677,0.587367,0.596119,0.570015
484.000000,0.565601,0.564307,0.586149,0.594242,0.579148
485.000000,0.570928,0.563775,0.585426,0.592491,0.582192
486.000000,0.576712,0.566438,0.584741,0.590766,0.590563
487.000000,0.579604,0.567199,0.583143,0.589244,0.576104
488.000000,0.582192,0.570548,0.581469,0.588204,0.582953
489.000000,0.579909,0.572755,0.579186,0.586657,0.567732
490.000000,0.577626,0.574277,0.576826,0.586377,0.570776
491.000000,0.574581,0.575647,0.574696,0.585769,0.575342
492.000000,0.574581,0.577093,0.572565,0.585033,0.576104
493.000000,0.571842,0.577017,0.571347,0.583917,0.569254
494.000000,0.569711,0.574810,0.569559,0.582369,0.557078
495.000000,0.565753,0.571689,0.567732,0.580847,0.550989
496.000000,0.558447,0.566514,0.566476,0.578666,0.538813
497.000000,0.551903,0.563242,0.565221,0.576509,0.543379
498.000000,0.549011,0.560426,0.565487,0.574455,0.554795
499.000000,0.547489,0.558600,0.565677,0.572324,0.549467
500.000000,0.546575,0.556164,0.565221,0.569939,0.546423
501.000000,0.549315,0.553881,0.564764,0.567757,0.552511
502.000000,0.549467,0.550685,0.563889,0.565271,0.544140
503.000000,0.550685,0.549848,0.563432,0.564181,0.560883
504.000000,0.553729,0.550609,0.562709,0.563242,0.564688
505.000000,0.554947,0.550761,0.561225,0.562075,0.552511
506.000000,0.553729,0.551522,0.559018,0.561492,0.546423
507.000000,0.552664,0.551065,0.557154,0.560502,0.538813
508.000000,0.547793,0.549239,0.554833,0.560071,0.536530
509.000000,0.543227,0.548478,0.553539,0.559944,0.541857
510.000000,0.541400,0.548174,0.552169,0.559538,0.543379
511.000000,0.540183,0.546956,0.550419,0.558828,0.540335
512.000000,0.541553,0.547108,0.548896,0.558295,0.545662
513.000000,0.543227,0.545510,0.547679,0.557458,0.544901
514.000000,0.542922,0.543075,0.546842,0.556164,0.540335
515.000000,0.542009,0.541705,0.546233,0.554718,0.538813
516.000000,0.541400,0.540791,0.546157,0.552943,0.537291
517.000000,0.540335,0.540944,0.546005,0.551750,0.540335
518.000000,0.540335,0.541781,0.545510,0.550482,0.544901
519.000000,0.542161,0.542542,0.545510,0.549873,0.549467
520.000000,0.544749,0.543379,0.545776,0.549239,0.551750
521.000000,0.547489,0.544444,0.545700,0.548427,0.550989
522.000000,0.550076,0.545205,0.546157,0.547666,0.553272
523.000000,0.552359,0.546347,0.545928,0.547235,0.556317
524.000000,0.555860,0.549011,0.546043,0.547565,0.566971
525.000000,0.559665,0.552207,0.546956,0.548224,0.570776
526.000000,0.564536,0.556012,0.548402,0.549442,0.575342
527.000000,0.569406,0.559741,0.550342,0.550583,0.577626
528.000000,0.570015,0.561187,0.551484,0.550736,0.559361
529.000000,0.567580,0.561720,0.552131,0.550913,0.554795
530.000000,0.563623,0.561644,0.552511,0.551065,0.550989
531.000000,0.559056,0.561796,0.553120,0.551065,0.552511
532.000000,0.553577,0.561492,0.553349,0.551268,0.550228
533.000000,0.551750,0.560883,0.553615,0.550913,0.550228
534.000000,0.553425,0.560502,0.554756,0.550863,0.563166
535.000000,0.557382,0.560502,0.556355,0.551471,0.570776
536.000000,0.561948,0.560502,0.558257,0.552435,0.575342
537.000000,0.566971,0.560274,0.560008,0.553653,0.575342
538.000000,0.573364,0.562557,0.561872,0.555175,0.582192
539.000000,0.576408,0.564916,0.563318,0.556393,0.578387
540.000000,0.576712,0.567047,0.564346,0.557357,0.572298
541.000000,0.578691,0.570320,0.566058,0.558853,0.585236
542.000000,0.578843,0.572907,0.567199,0.559868,0.576104
543.000000,0.578387,0.575875,0.568379,0.561035,0.579909
544.000000,0.577778,0.577093,0.568798,0.562202,0.575342
545.000000,0.575190,0.575951,0.568227,0.562887,0.559361
546.000000,0.569102,0.573896,0.567199,0.563470,0.554795
547.000000,0.566667,0.572755,0.566514,0.564257,0.563927
548.000000,0.562557,0.570472,0.566514,0.564739,0.559361
549.000000,0.561796,0.569787,0.567352,0.565474,0.571537
550.000000,0.566058,0.570624,0.568836,0.566438,0.580670
551.000000,0.571385,0.570244,0.570282,0.567453,0.581431
552.000000,0.576865,0.571766,0.572336,0.568721,0.591324
553.000000,0.584475,0.573516,0.574696,0.570091,0.597412
554.000000,0.590715,0.576256,0.576674,0.571284,0.602740
555.000000,0.596956,0.581507,0.578729,0.572653,0.611872
556.000000,0.602435,0.586910,0.580403,0.573770,0.608828
557.000000,0.607154,0.592009,0.582382,0.575013,0.614916
558.000000,0.609741,0.597108,0.583790,0.576712,0.610350
559.000000,0.613242,0.601979,0.585883,0.578894,0.620244
560.000000,0.616438,0.606697,0.588661,0.581456,0.627854
561.000000,0.618569,0.610502,0.590373,0.583688,0.619482
562.000000,0.620852,0.614003,0.592884,0.586225,0.626332
563.000000,0.624505,0.617123,0.595320,0.588838,0.628615
564.000000,0.625723,0.619482,0.597869,0.590944,0.626332
565.000000,0.625266,0.620852,0.601180,0.592770,0.625571
566.000000,0.626332,0.622451,0.604680,0.594419,0.624810
567.000000,0.626636,0.623744,0.607877,0.596169,0.627854
568.000000,0.626180,0.625342,0.611225,0.597641,0.626332
569.000000,0.624505,0.625114,0.613546,0.598960,0.617960
570.000000,0.622983,0.624125,0.615411,0.600482,0.617960
571.000000,0.622831,0.624581,0.617542,0.601776,0.624049
572.000000,0.623288,0.624962,0.619482,0.603577,0.630137
573.000000,0.623592,0.624886,0.621005,0.605175,0.627854
574.000000,0.626636,0.625571,0.622527,0.607103,0.633181
575.000000,0.628615,0.625799,0.623326,0.609386,0.627854
576.000000,0.629224,0.626027,0.624239,0.611796,0.627093
577.000000,0.628463,0.625875,0.624810,0.613876,0.626332
578.000000,0.625571,0.624581,0.624962,0.615677,0.613394
579.000000,0.623135,0.624886,0.625000,0.617326,0.621005
580.000000,0.622222,0.625419,0.624772,0.618747,0.623288
581.000000,0.621309,0.625266,0.624924,0.620117,0.622527
582.000000,0.620852,0.624658,0.624810,0.621208,0.624049
583.000000,0.621309,0.623440,0.624163,0.621816,0.615677
584.000000,0.620700,0.621918,0.623744,0.622324,0.617960
585.000000,0.620396,0.621309,0.623554,0.622653,0.621766
586.000000,0.621461,0.621385,0.623706,0.623288,0.627854
587.000000,0.621918,0.621385,0.623630,0.623668,0.626332
588.000000,0.623744,0.622527,0.623554,0.624150,0.624810
589.000000,0.625114,0.622907,0.623896,0.624302,0.624810
590.000000,0.626332,0.623364,0.624391,0.624302,0.627854
591.000000,0.627093,0.624277,0.624772,0.624708,0.631659
592.000000,0.627549,0.624734,0.624696,0.624784,0.628615
593.000000,0.627397,0.625571,0.624505,0.624632,0.624049
594.000000,0.629072,0.627093,0.624505,0.624860,0.633181
595.000000,0.632420,0.629376,0.625342,0.625495,0.644597
596.000000,0.631963,0.629528,0.625457,0.625647,0.629376
597.000000,0.631202,0.629376,0.625381,0.625545,0.624810
598.000000,0.629224,0.628311,0.625419,0.625140,0.614155
599.000000,0.624201,0.626636,0.624772,0.624810,0.608067
600.000000,0.616134,0.624277,0.623820,0.624353,0.604262
601.000000,0.612177,0.622070,0.623174,0.623871,0.609589
602.000000,0.609132,0.620167,0.622451,0.623186,0.609589
603.000000,0.610046,0.619635,0.622603,0.622882,0.618721
604.000000,0.614307,0.619254,0.623174,0.622755,0.629376
605.000000,0.618569,0.617352,0.623364,0.622679,0.625571
606.000000,0.622070,0.617123,0.623326,0.622679,0.627093
607.000000,0.621766,0.615449,0.622412,0.622070,0.608067
608.000000,0.620700,0.615373,0.621842,0.622070,0.613394
609.000000,0.616438,0.615373,0.621005,0.621639,0.608067
610.000000,0.614764,0.616667,0.620472,0.621436,0.617199
611.000000,0.613851,0.617960,0.620015,0.621436,0.622527
612.000000,0.613851,0.617808,0.618988,0.620903,0.608067
613.000000,0.612938,0.616819,0.618227,0.620675,0.608828
614.000000,0.609437,0.612938,0.616096,0.619762,0.590563
615.000000,0.601826,0.608295,0.612823,0.618341,0.579148
616.000000,0.594368,0.604110,0.610616,0.616920,0.585236
617.000000,0.590411,0.602131,0.608790,0.615652,0.588280
618.000000,0.590259,0.601598,0.608486,0.615094,0.608067
619.000000,0.594368,0.601903,0.608638,0.614637,0.611111
620.000000,0.603044,0.602435,0.609551,0.614460,0.622527
621.000000,0.608219,0.601294,0.609627,0.613775,0.611111
622.000000,0.612177,0.601294,0.609551,0.613090,0.608067
623.000000,0.612177,0.601218,0.609018,0.612557,0.608067
624.000000,0.610502,0.602435,0.607686,0.611542,0.602740
625.000000,0.607915,0.605479,0.606887,0.610375,0.609589
626.000000,0.607002,0.607610,0.605860,0.609614,0.606545
627.000000,0.608067,0.610122,0.606126,0.609234,0.613394
628.000000,0.608219,0.610198,0.605898,0.609056,0.608828
629.000000,0.610654,0.610578,0.606240,0.609285,0.614916
630.000000,0.612938,0.610426,0.606431,0.609843,0.621005
631.000000,0.615830,0.611416,0.606355,0.610223,0.621005
632.000000,0.619330,0.613699,0.607496,0.610934,0.630898
633.000000,0.624810,0.616514,0.608866,0.611517,0.636225
634.000000,0.628767,0.619711,0.611073,0.611695,0.634703
635.000000,0.631659,0.622298,0.613889,0.612024,0.635464
636.000000,0.633486,0.624658,0.616134,0.612126,0.630137
637.000000,0.636530,0.627930,0.619026,0.613394,0.646119
638.000000,0.635769,0.630289,0.620244,0.614028,0.632420
639.000000,0.635616,0.632192,0.621385,0.614891,0.633942
640.000000,0.637595,0.634627,0.622527,0.615830,0.645358
641.000000,0.640791,0.637139,0.624277,0.616616,0.646119
642.000000,0.640487,0.638508,0.626104,0.617834,0.644597
643.000000,0.642009,0.638889,0.627702,0.618874,0.640030
644.000000,0.640030,0.637823,0.628767,0.619990,0.624049
645.000000,0.632116,0.634855,0.628577,0.620878,0.605784
646.000000,0.618569,0.629680,0.627169,0.620649,0.578387
647.000000,0.601522,0.621005,0.624467,0.619685,0.559361
648.000000,0.594977,0.618493,0.624391,0.619660,0.607306
649.000000,0.591324,0.615677,0.623935,0.619482,0.605784
650.000000,0.597108,0.614612,0.624619,0.619888,0.634703
651.000000,0.608219,0.613394,0.625266,0.620649,0.633942
652.000000,0.619939,0.610731,0.624619,0.620979,0.617960
653.000000,0.616591,0.605784,0.622336,0.620396,0.590563
654.000000,0.614003,0.602664,0.620244,0.620066,0.592846
655.000000,0.601218,0.599163,0.617009,0.618772,0.570776
656.000000,0.587823,0.598021,0.613851,0.617453,0.566971
657.000000,0.574886,0.597412,0.609209,0.615449,0.553272
658.000000,0.571537,0.594064,0.606279,0.614282,0.573820
659.000000,0.566667,0.590335,0.603006,0.612735,0.568493
660.000000,0.570015,0.585616,0.600114,0.611618,0.587519
661.000000,0.570472,0.579148,0.596271,0.609893,0.569254
662.000000,0.578234,0.576560,0.593645,0.608600,0.592085
663.000000,0.587823,0.579680,0.592732,0.608118,0.621766
664.000000,0.599696,0.583181,0.592922,0.607889,0.627854
665.000000,0.604110,0.587062,0.593113,0.607027,0.609589
666.000000,0.607763,0.589117,0.593569,0.605606,0.587519
667.000000,0.614612,0.596423,0.596918,0.604947,0.626332
668.000000,0.613699,0.600761,0.597412,0.604439,0.617199
669.000000,0.607154,0.603425,0.596880,0.603146,0.595129
670.000000,0.609285,0.606697,0.596157,0.602308,0.620244
671.000000,0.615982,0.611872,0.595510,0.601471,0.621005
672.000000,0.612481,0.613546,0.595053,0.600279,0.608828
673.000000,0.609132,0.611416,0.595548,0.598960,0.600457
674.000000,0.610959,0.609056,0.596119,0.598300,0.604262
675.000000,0.606545,0.607915,0.597489,0.598047,0.598174
676.000000,0.600000,0.607991,0.598554,0.598376,0.588280
677.000000,0.596956,0.604718,0.600571,0.599518,0.593607
678.000000,0.594064,0.601598,0.601180,0.598808,0.585997
679.000000,0.589041,0.600000,0.601712,0.597920,0.579148
680.000000,0.587367,0.596956,0.601826,0.596423,0.589802
681.000000,0.587367,0.593683,0.602778,0.594901,0.588280
682.000000,0.585236,0.591096,0.602321,0.593734,0.582953
683.000000,0.583866,0.588965,0.600190,0.593354,0.579148
684.000000,0.587823,0.588432,0.598744,0.593557,0.598935
685.000000,0.590715,0.589041,0.598478,0.594673,0.604262
686.000000,0.594977,0.591172,0.599581,0.596093,0.609589
687.000000,0.601674,0.593455,0.599087,0.598199,0.616438
688.000000,0.607915,0.595890,0.598744,0.599417,0.610350
689.000000,0.609285,0.598554,0.599277,0.600660,0.605784
690.000000,0.611111,0.600913,0.598935,0.601522,0.613394
691.000000,0.611416,0.603196,0.598440,0.602917,0.611111
692.000000,0.609741,0.605708,0.598402,0.603450,0.608067
693.000000,0.611416,0.609665,0.599315,0.603349,0.618721
694.000000,0.615830,0.612557,0.600495,0.603349,0.627854
695.000000,0.618721,0.614916,0.601979,0.603957,0.627854
696.000000,0.622831,0.617123,0.604148,0.605429,0.631659
697.000000,0.628919,0.619330,0.606393,0.605835,0.638508
698.000000,0.633638,0.622527,0.609209,0.606672,0.642314
699.000000,0.637291,0.626560,0.612557,0.608371,0.646119
700.000000,0.641096,0.629909,0.615411,0.609259,0.646880
701.000000,0.644292,0.633562,0.618379,0.610147,0.647641
702.000000,0.648402,0.638661,0.622184,0.611821,0.659056
703.000000,0.654490,0.644064,0.626865,0.614231,0.672755
704.000000,0.661492,0.649391,0.630974,0.616794,0.681126
705.000000,0.668037,0.654566,0.634741,0.619508,0.679604
706.000000,0.675495,0.659893,0.638508,0.622730,0.684932
707.000000,0.681126,0.664764,0.642047,0.625850,0.687215
708.000000,0.684475,0.669482,0.646005,0.629300,0.689498
709.000000,0.686910,0.674201,0.650381,0.633105,0.693303
710.000000,0.693760,0.680898,0.655403,0.637240,0.713851
711.000000,0.701674,0.688584,0.661073,0.641781,0.724505
712.000000,0.711416,0.696271,0.667466,0.646880,0.735921
713.000000,0.726636,0.705556,0.674810,0.653095,0.765601
714.000000,0.739117,0.713014,0.681202,0.658321,0.755708
715.000000,0.747336,0.720548,0.687557,0.663343,0.754947
716.000000,0.753120,0.727397,0.693645,0.668138,0.753425
717.000000,0.755403,0.733409,0.699087,0.672501,0.747336
718.000000,0.751142,0.738889,0.704186,0.676966,0.744292
719.000000,0.749011,0.744064,0.709132,0.681608,0.745053
720.000000,0.746575,0.746956,0.713927,0.685921,0.742770
721.000000,0.741096,0.747108,0.717846,0.689751,0.726027
722.000000,0.736377,0.745890,0.721081,0.693607,0.723744
723.000000,0.732877,0.742009,0.723782,0.697210,0.726788
724.000000,0.726788,0.737900,0.725457,0.700101,0.714612
725.000000,0.719330,0.732953,0.726750,0.702689,0.705479
726.000000,0.716134,0.728615,0.728006,0.705302,0.710046
727.000000,0.711263,0.723820,0.728615,0.707331,0.699391
728.000000,0.705784,0.719330,0.729110,0.709234,0.699391
729.000000,0.704566,0.715677,0.729871,0.711314,0.708524
730.000000,0.705175,0.712253,0.729604,0.713369,0.708524
731.000000,0.707306,0.711720,0.729414,0.715804,0.720700
732.000000,0.708371,0.709817,0.727854,0.717326,0.704718
733.000000,0.709132,0.707458,0.724734,0.718341,0.703196
734.000000,0.706545,0.705556,0.721728,0.718823,0.695586
735.000000,0.701218,0.703196,0.718075,0.718899,0.681887
736.000000,0.692085,0.699696,0.714155,0.718569,0.675038
737.000000,0.681279,0.694825,0.709323,0.717352,0.650685
738.000000,0.672146,0.690639,0.704985,0.716286,0.657534
739.000000,0.663623,0.685084,0.700381,0.714942,0.652968
740.000000,0.660426,0.680822,0.696537,0.713343,0.665906
741.000000,0.656773,0.674429,0.693075,0.711086,0.656773
742.000000,0.657839,0.669559,0.689688,0.708422,0.656012
743.000000,0.652968,0.662557,0.685008,0.704008,0.633181
744.000000,0.645510,0.654566,0.680061,0.699340,0.615677
745.000000,0.641857,0.651142,0.677169,0.695764,0.647641
746.000000,0.642466,0.649619,0.674658,0.692643,0.659817
747.000000,0.640487,0.649163,0.671994,0.689269,0.646119
748.000000,0.646880,0.649924,0.670282,0.686631,0.665145
749.000000,0.654642,0.650076,0.667580,0.683612,0.654490
750.000000,0.658600,0.650228,0.665525,0.681101,0.667428
751.000000,0.664231,0.653349,0.663889,0.679833,0.687976
752.000000,0.675038,0.657763,0.663661,0.679046,0.700152
753.000000,0.675799,0.661339,0.661948,0.677118,0.668950
754.000000,0.678539,0.666591,0.660578,0.675571,0.668189
755.000000,0.674125,0.666362,0.658752,0.673567,0.645358
756.000000,0.673059,0.668645,0.659132,0.672653,0.682648
757.000000,0.664688,0.669863,0.659513,0.671284,0.658295
758.000000,0.659361,0.667580,0.658752,0.669381,0.642314
759.000000,0.646728,0.662633,0.656355,0.665931,0.605023
760.000000,0.650381,0.662253,0.656240,0.664434,0.663623
761.000000,0.650989,0.662024,0.657686,0.663267,0.685693
762.000000,0.661796,0.663242,0.660502,0.663521,0.712329
763.000000,0.678691,0.669026,0.665183,0.664307,0.726788
764.000000,0.698174,0.672451,0.669521,0.664536,0.702435
765.000000,0.705479,0.677930,0.672146,0.665145,0.700152
766.000000,0.708067,0.679528,0.674087,0.665931,0.698630
767.000000,0.705327,0.683562,0.676712,0.667529,0.698630
768.000000,0.705327,0.692009,0.679795,0.669838,0.726788
769.000000,0.706393,0.702283,0.682458,0.671664,0.707763
770.000000,0.706545,0.706012,0.684132,0.672831,0.700913
771.000000,0.704262,0.706164,0.684094,0.673846,0.687215
772.000000,0.706088,0.705708,0.684475,0.675571,0.707763
773.000000,0.701826,0.703577,0.686301,0.677981,0.705479
774.000000,0.703044,0.704718,0.688584,0.681253,0.713851
775.000000,0.703957,0.705251,0.691591,0.683181,0.705479
776.000000,0.706088,0.705175,0.692352,0.684450,0.697869
777.000000,0.704871,0.705479,0.694521,0.686301,0.701674
778.000000,0.706088,0.703957,0.697983,0.687849,0.711568
779.000000,0.708219,0.705632,0.703957,0.690183,0.724505
780.000000,0.715830,0.709893,0.707953,0.692719,0.743531
781.000000,0.722983,0.714536,0.710350,0.694242,0.733638
782.000000,0.728158,0.716514,0.711111,0.695155,0.727549
783.000000,0.734703,0.720396,0.711986,0.697666,0.744292
784.000000,0.740183,0.724201,0.714460,0.700457,0.751903
785.000000,0.742466,0.729148,0.717199,0.704110,0.754947
786.000000,0.744901,0.733942,0.719559,0.706215,0.745814
787.000000,0.745967,0.737062,0.721271,0.708701,0.732877
788.000000,0.743075,0.738889,0.721423,0.711618,0.729833
789.000000,0.738661,0.739422,0.722527,0.715779,0.729833
790.000000,0.732572,0.737519,0.723706,0.717808,0.724505
791.000000,0.728919,0.736910,0.725723,0.719203,0.727549
792.000000,0.726027,0.735997,0.726256,0.719406,0.718417
793.000000,0.716895,0.729985,0.725190,0.717986,0.684170
794.000000,0.710959,0.724810,0.724505,0.717910,0.700152
795.000000,0.703805,0.718189,0.723668,0.717529,0.688737
796.000000,0.692846,0.710883,0.722412,0.716667,0.672755
797.000000,0.684323,0.705175,0.721119,0.715906,0.675799
798.000000,0.687367,0.702131,0.720510,0.714992,0.699391
799.000000,0.686606,0.698782,0.719102,0.714612,0.696347
800.000000,0.690107,0.696956,0.717237,0.714789,0.706240
801.000000,0.696956,0.694901,0.715906,0.715449,0.707002
802.000000,0.708219,0.696271,0.716134,0.716261,0.732116
803.000000,0.714916,0.701142,0.715563,0.717174,0.732877
804.000000,0.720091,0.703349,0.714079,0.717453,0.722222
805.000000,0.725571,0.707839,0.713014,0.718392,0.733638
806.000000,0.728311,0.712633,0.711758,0.719153,0.720700
807.000000,0.726788,0.717504,0.711339,0.719914,0.724505
808.000000,0.723744,0.719330,0.710731,0.720117,0.717656
809.000000,0.722374,0.721233,0.710008,0.719812,0.715373
810.000000,0.718265,0.721918,0.709437,0.718798,0.713090
811.000000,0.717199,0.722755,0.708828,0.718189,0.715373
812.000000,0.715677,0.721233,0.708752,0.717834,0.716895
813.000000,0.713546,0.718645,0.709893,0.716591,0.707002
814.000000,0.711263,0.716819,0.710084,0.714992,0.703957
815.000000,0.707915,0.713090,0.710464,0.713039,0.696347
816.000000,0.707763,0.712481,0.712557,0.711999,0.714612
817.000000,0.708980,0.712329,0.714916,0.711669,0.722983
818.000000,0.711872,0.712709,0.716020,0.711390,0.721461
819.000000,0.710198,0.710731,0.715982,0.710249,0.695586
820.000000,0.710807,0.709361,0.715639,0.709411,0.699391
821.000000,0.711416,0.709589,0.716172,0.709082,0.717656
822.000000,0.708067,0.708524,0.714878,0.708676,0.706240
823.000000,0.705023,0.708447,0.713546,0.709411,0.706240
824.000000,0.707306,0.708752,0.712785,0.709640,0.707002
825.000000,0.707915,0.709361,0.711225,0.710096,0.702435
826.000000,0.703044,0.707230,0.709855,0.710781,0.693303
827.000000,0.702588,0.705327,0.708828,0.711720,0.703957
828.000000,0.702283,0.703653,0.708181,0.711898,0.704718
829.000000,0.701674,0.704490,0.707610,0.712151,0.703957
830.000000,0.702283,0.705099,0.707230,0.712126,0.705479
831.000000,0.706545,0.704795,0.707192,0.712380,0.714612
832.000000,0.706849,0.704718,0.706621,0.711492,0.705479
833.000000,0.702435,0.702359,0.705403,0.709817,0.682648
834.000000,0.696956,0.699315,0.704033,0.708295,0.676560
835.000000,0.689954,0.696119,0.702740,0.706190,0.670472
836.000000,0.679909,0.693227,0.700228,0.704313,0.664384
837.000000,0.675647,0.691248,0.698288,0.702968,0.684170
838.000000,0.675495,0.688965,0.696309,0.701776,0.681887
839.000000,0.676408,0.686682,0.695586,0.700634,0.681126
840.000000,0.675190,0.682572,0.693836,0.699011,0.664384
841.000000,0.674125,0.677017,0.690906,0.697133,0.659056
842.000000,0.668798,0.672222,0.688470,0.695155,0.657534
843.000000,0.663014,0.669254,0.685807,0.693354,0.652968
844.000000,0.656621,0.666514,0.682915,0.691527,0.649163
845.000000,0.656925,0.666058,0.681088,0.690512,0.665906
846.000000,0.658904,0.666514,0.679871,0.688990,0.668950
847.000000,0.659817,0.664307,0.677778,0.686961,0.662100
848.000000,0.664231,0.663623,0.676294,0.685413,0.675038
849.000000,0.660274,0.658447,0.672565,0.683206,0.629376
850.000000,0.657534,0.657230,0.669901,0.681634,0.652207
851.000000,0.653881,0.656393,0.666705,0.679401,0.650685
852.000000,0.655860,0.657839,0.665030,0.678260,0.671994
853.000000,0.654338,0.659285,0.664269,0.676966,0.667428
854.000000,0.662861,0.661568,0.664041,0.675799,0.671994
855.000000,0.665906,0.661720,0.663889,0.674632,0.667428
856.000000,0.669863,0.661872,0.664193,0.673871,0.670472
857.000000,0.668950,0.662405,0.663356,0.672653,0.667428
858.000000,0.666819,0.660578,0.662100,0.671055,0.656773
859.000000,0.663623,0.663242,0.660845,0.669457,0.656012
860.000000,0.661339,0.663623,0.660426,0.667808,0.656012
861.000000,0.671385,0.670624,0.663508,0.668011,0.720700
862.000000,0.678539,0.673744,0.665791,0.667935,0.703196
863.000000,0.690411,0.678615,0.668950,0.669051,0.716134
864.000000,0.703349,0.683486,0.672527,0.670523,0.720700
865.000000,0.716895,0.689117,0.675419,0.672298,0.723744
866.000000,0.717352,0.694368,0.678120,0.674252,0.722983
867.000000,0.721309,0.699924,0.681164,0.675545,0.722983
868.000000,0.721005,0.705708,0.683143,0.676636,0.714612
869.000000,0.718721,0.711035,0.687139,0.677575,0.709285
870.000000,0.712785,0.714840,0.689231,0.678564,0.694064
871.000000,0.709589,0.713470,0.692047,0.680162,0.707002
872.000000,0.705936,0.713623,0.693683,0.681735,0.704718
873.000000,0.705784,0.713394,0.696005,0.683765,0.713851
874.000000,0.703196,0.710959,0.697222,0.685337,0.696347
875.000000,0.700457,0.706621,0.697869,0.685819,0.680365
876.000000,0.689802,0.699696,0.697032,0.685312,0.653729
877.000000,0.682040,0.693988,0.696956,0.685439,0.665906
878.000000,0.670472,0.688128,0.696918,0.684805,0.656012
879.000000,0.664231,0.683714,0.697374,0.685997,0.665145
880.000000,0.666971,0.683714,0.699277,0.687392,0.694064
881.000000,0.675647,0.682725,0.698097,0.688940,0.697108
882.000000,0.683562,0.682801,0.698212,0.690056,0.705479
883.000000,0.692694,0.681583,0.697489,0.691197,0.701674
884.000000,0.697869,0.681050,0.696005,0.691832,0.691020
885.000000,0.703349,0.685160,0.695890,0.693633,0.721461
886.000000,0.702740,0.689193,0.694444,0.694419,0.694064
887.000000,0.699848,0.691705,0.692846,0.695205,0.691020
888.000000,0.700304,0.696499,0.692314,0.696778,0.703957
889.000000,0.700761,0.699315,0.691514,0.698021,0.693303
890.000000,0.694977,0.699163,0.691438,0.699239,0.692542
891.000000,0.694521,0.698630,0.690677,0.698275,0.691781
892.000000,0.693303,0.696575,0.689688,0.697666,0.684932
893.000000,0.692542,0.696423,0.689003,0.697133,0.700152
894.000000,0.693303,0.697032,0.689041,0.696347,0.697108
895.000000,0.696347,0.695662,0.690411,0.695814,0.707763
896.000000,0.696804,0.695662,0.692428,0.694850,0.694064
897.000000,0.697412,0.695358,0.693531,0.693683,0.687976
898.000000,0.693912,0.693227,0.694863,0.692618,0.682648
899.000000,0.692542,0.692922,0.696119,0.691984,0.690259
900.000000,0.688584,0.692466,0.695814,0.691781,0.687976
901.000000,0.687215,0.692009,0.695320,0.691121,0.687215
902.000000,0.687062,0.692237,0.694406,0.690538,0.687215
903.000000,0.686758,0.690335,0.693379,0.689447,0.681126
904.000000,0.685084,0.688813,0.692922,0.688965,0.681887
905.000000,0.683866,0.686225,0.690944,0.689016,0.681887
906.000000,0.680822,0.684018,0.689840,0.689625,0.671994
907.000000,0.679604,0.683333,0.689346,0.690132,0.681126
908.000000,0.678995,0.682877,0.688052,0.690868,0.678082
909.000000,0.682648,0.683866,0.688394,0.692035,0.700152
910.000000,0.689041,0.686454,0.689460,0.692694,0.713851
911.000000,0.695890,0.688356,0.690183,0.692998,0.706240
912.000000,0.700609,0.690107,0.691172,0.692973,0.704718
913.000000,0.705936,0.692466,0.691400,0.693075,0.704718
914.000000,0.706849,0.694749,0.691781,0.693531,0.704718
915.000000,0.702740,0.695890,0.691058,0.692593,0.693303
916.000000,0.700609,0.698250,0.691134,0.692643,0.695586
917.000000,0.699239,0.699924,0.691629,0.692872,0.697869
918.000000,0.698478,0.702207,0.692542,0.692770,0.700913
919.000000,0.697260,0.702055,0.692960,0.692948,0.698630
920.000000,0.697565,0.700152,0.693303,0.693024,0.694825
921.000000,0.696956,0.698782,0.693569,0.693049,0.692542
922.000000,0.694825,0.697032,0.693569,0.693125,0.687215
923.000000,0.692237,0.695358,0.693912,0.692719,0.687976
924.000000,0.690107,0.693683,0.694216,0.692415,0.687976
925.000000,0.688889,0.693227,0.694559,0.691781,0.688737
926.000000,0.689193,0.693075,0.695662,0.691781,0.694064
927.000000,0.691172,0.692998,0.696461,0.692085,0.697108
928.000000,0.693912,0.693075,0.697641,0.692719,0.701674
929.000000,0.695434,0.692770,0.697412,0.692897,0.695586
930.000000,0.698021,0.693455,0.696804,0.693354,0.701674
931.000000,0.698630,0.693912,0.696347,0.693683,0.697108
932.000000,0.699543,0.695358,0.696195,0.694165,0.701674
933.000000,0.698021,0.695967,0.695662,0.694597,0.694064
934.000000,0.699239,0.697336,0.695510,0.695256,0.701674
935.000000,0.698174,0.698097,0.695662,0.695738,0.696347
936.000000,0.698478,0.698554,0.695814,0.696626,0.698630
937.000000,0.694368,0.696956,0.694977,0.696626,0.681126
938.000000,0.691172,0.694597,0.693836,0.696626,0.678082
939.000000,0.687823,0.693531,0.693151,0.696119,0.684932
940.000000,0.685236,0.691705,0.692580,0.695104,0.683409
941.000000,0.676865,0.687671,0.690791,0.693455,0.656773
942.000000,0.679909,0.687139,0.691248,0.693176,0.696347
943.000000,0.685388,0.688280,0.692123,0.693201,0.705479
944.000000,0.688432,0.688128,0.692732,0.693049,0.700152
945.000000,0.689346,0.687291,0.692694,0.692872,0.687976
946.000000,0.694977,0.685921,0.692237,0.692516,0.684932
947.000000,0.692694,0.686301,0.691629,0.692085,0.684932
948.000000,0.688584,0.686986,0.690791,0.691553,0.684932
949.000000,0.686606,0.687519,0.690525,0.691273,0.690259
950.000000,0.686149,0.687747,0.689726,0.690969,0.685693
951.000000,0.686606,0.690791,0.689231,0.690791,0.687215
952.000000,0.688128,0.690411,0.688775,0.690969,0.692542
953.000000,0.688889,0.688737,0.688508,0.690994,0.688737
954.000000,0.687367,0.686986,0.687557,0.690817,0.682648
955.000000,0.686758,0.686454,0.686872,0.690614,0.682648
956.000000,0.684779,0.685693,0.685807,0.690056,0.677321
957.000000,0.682801,0.685464,0.685883,0.689574,0.682648
958.000000,0.682040,0.685464,0.686225,0.689016,0.684932
959.000000,0.682344,0.684855,0.686187,0.688635,0.684170
960.000000,0.682801,0.684779,0.686263,0.688077,0.684932
961.000000,0.684323,0.684551,0.687671,0.687671,0.684932
962.000000,0.685693,0.684247,0.687329,0.687265,0.689498
963.000000,0.688280,0.685160,0.686948,0.687392,0.697869
964.000000,0.689954,0.686149,0.686568,0.687088,0.692542
965.000000,0.689954,0.686377,0.686416,0.686707,0.684932
966.000000,0.689498,0.686910,0.686301,0.686175,0.682648
967.000000,0.689954,0.687823,0.686644,0.686530,0.691781
968.000000,0.689193,0.688737,0.687100,0.687062,0.694064
969.000000,0.688889,0.689422,0.687139,0.687265,0.691020
970.000000,0.690411,0.690183,0.687481,0.687570,0.692542
971.000000,0.692085,0.690791,0.687671,0.688711,0.691020
972.000000,0.691020,0.690487,0.687367,0.688382,0.686454
973.000000,0.688737,0.688965,0.687062,0.687620,0.682648
974.000000,0.685236,0.687062,0.686606,0.686733,0.673516
975.000000,0.680061,0.685236,0.685807,0.686022,0.666667
976.000000,0.677017,0.684551,0.685731,0.685718,0.675799
977.000000,0.677930,0.684475,0.686149,0.685921,0.691020
978.000000,0.680365,0.684551,0.686644,0.686251,0.694825
979.000000,0.687976,0.686606,0.688014,0.686961,0.711568
980.000000,0.698021,0.689041,0.689612,0.688001,0.716895
981.000000,0.709285,0.693151,0.691971,0.689498,0.732116
982.000000,0.718417,0.698174,0.694330,0.690969,0.736682
983.000000,0.727854,0.704110,0.696537,0.692745,0.742009
984.000000,0.733486,0.710731,0.698896,0.694647,0.739726
985.000000,0.739117,0.718569,0.701903,0.696728,0.745053
986.000000,0.740639,0.724962,0.704756,0.698808,0.739726
987.000000,0.741248,0.729833,0.707154,0.700710,0.739726
988.000000,0.740487,0.734170,0.709361,0.702486,0.738204
989.000000,0.741096,0.737291,0.711948,0.704439,0.742770
990.000000,0.739878,0.739498,0.714269,0.706240,0.738965
991.000000,0.740183,0.740411,0.716781,0.708118,0.741248
992.000000,0.743683,0.742466,0.720320,0.710375,0.757230
993.000000,0.745358,0.742922,0.723516,0.711999,0.746575
994.000000,0.745053,0.743075,0.726903,0.713623,0.741248
995.000000,0.746423,0.743151,0.730860,0.715652,0.745814
996.000000,0.746880,0.743531,0.734247,0.717681,0.743531
997.000000,0.743988,0.743836,0.736834,0.719381,0.742770
998.000000,0.743379,0.744368,0.739269,0.721030,0.743531
999.000000,0.744749,0.744901,0.741096,0.722933,0.748097
1000.000000,0.745053,0.745738,0.742618,0.724759,0.747336
1001.000000,0.745510,0.746195,0.743303,0.726585,0.745814
1002.000000,0.745814,0.744901,0.743683,0.728513,0.744292
1003.000000,0.750228,0.746804,0.744863,0.731279,0.765601
1004.000000,0.756469,0.750609,0.746842,0.734805,0.779300
1005.000000,0.760578,0.752816,0.747983,0.738179,0.767884
1006.000000,0.763623,0.754566,0.749049,0.741020,0.761035
1007.000000,0.768037,0.756925,0.750381,0.743531,0.766362
1008.000000,0.770320,0.760274,0.752321,0.746271,0.777017
1009.000000,0.770624,0.763546,0.754224,0.748579,0.780822
1010.000000,0.777169,0.768874,0.757306,0.751370,0.800609
1011.000000,0.786606,0.775114,0.760654,0.753907,0.808219
1012.000000,0.794673,0.781355,0.763128,0.756240,0.806697
1013.000000,0.800913,0.785616,0.766210,0.758447,0.808219
1014.000000,0.806393,0.788508,0.769559,0.760731,0.808219
1015.000000,0.807458,0.792314,0.772565,0.762760,0.805936
1016.000000,0.807154,0.796880,0.775723,0.764992,0.806697
1017.000000,0.807458,0.801065,0.778995,0.767275,0.808219
1018.000000,0.807154,0.804033,0.782154,0.769559,0.806697
1019.000000,0.806545,0.806469,0.785008,0.771639,0.805175
1020.000000,0.807154,0.807306,0.788090,0.773973,0.808980
1021.000000,0.807306,0.807230,0.791172,0.776180,0.807458
1022.000000,0.807306,0.807382,0.794368,0.777879,0.808219
1023.000000,0.810198,0.808676,0.797146,0.780365,0.821157
1024.000000,0.813394,0.809970,0.799239,0.783029,0.821157
1025.000000,0.816134,0.811644,0.801979,0.785591,0.822679
1026.000000,0.818113,0.812709,0.804795,0.788052,0.817352
1027.000000,0.822222,0.814764,0.807915,0.790918,0.828767
1028.000000,0.830289,0.820244,0.812139,0.794850,0.861492
1029.000000,0.840183,0.826788,0.816629,0.798935,0.870624
1030.000000,0.847945,0.832040,0.819673,0.802740,0.861492
1031.000000,0.857382,0.837747,0.822489,0.806697,0.864536
1032.000000,0.870167,0.846195,0.826788,0.811644,0.892694
1033.000000,0.876256,0.853272,0.830974,0.815855,0.891933
1034.000000,0.884018,0.862100,0.836035,0.820193,0.909437
1035.000000,0.891324,0.869635,0.840639,0.824531,0.898021
1036.000000,0.896956,0.877169,0.844939,0.828919,0.892694
1037.000000,0.894673,0.882420,0.848592,0.832750,0.881279
1038.000000,0.894825,0.885540,0.852892,0.836606,0.892694
1039.000000,0.889650,0.886834,0.856811,0.840030,0.883562
1040.000000,0.886910,0.889117,0.860578,0.842821,0.884323
1041.000000,0.877321,0.887139,0.862443,0.844039,0.844749
1042.000000,0.869711,0.882192,0.864193,0.845256,0.843227
1043.000000,0.859209,0.877017,0.865145,0.846322,0.840183
1044.000000,0.850685,0.870167,0.866134,0.847412,0.840944
1045.000000,0.841096,0.864003,0.866819,0.848427,0.836377
1046.000000,0.838508,0.857915,0.867542,0.849264,0.831811
1047.000000,0.833790,0.851750,0.867085,0.849645,0.819635
1048.000000,0.830441,0.844825,0.865183,0.850203,0.823440
1049.000000,0.827245,0.838965,0.862900,0.850863,0.824962
1050.000000,0.823440,0.832268,0.860693,0.851142,0.817352
1051.000000,0.821613,0.830061,0.858600,0.851649,0.822679
1052.000000,0.825571,0.829680,0.855936,0.852689,0.839422
1053.000000,0.829985,0.830213,0.853615,0.853501,0.845510
1054.000000,0.833486,0.830365,0.850266,0.854211,0.842466
1055.000000,0.839117,0.831279,0.847641,0.854972,0.845510
1056.000000,0.843075,0.832344,0.845129,0.855809,0.842466
1057.000000,0.842314,0.833942,0.842846,0.856038,0.835616
1058.000000,0.840183,0.835084,0.839954,0.855150,0.834855
1059.000000,0.836682,0.835084,0.837024,0.853628,0.824962
1060.000000,0.837747,0.838432,0.835350,0.853272,0.850837
1061.000000,0.841248,0.842161,0.836111,0.853120,0.859970
1062.000000,0.850685,0.846499,0.838090,0.852790,0.882801
1063.000000,0.864231,0.852207,0.841210,0.853146,0.902588
1064.000000,0.882801,0.859741,0.845053,0.853425,0.917808
1065.000000,0.888889,0.863318,0.847298,0.852867,0.881279
1066.000000,0.901218,0.871233,0.851788,0.853831,0.921613
1067.000000,0.906697,0.878691,0.856317,0.854795,0.910198
1068.000000,0.904718,0.884475,0.859779,0.854795,0.892694
1069.000000,0.900457,0.891629,0.863356,0.855226,0.896499
1070.000000,0.904871,0.896880,0.867656,0.855860,0.903349
1071.000000,0.902283,0.901750,0.871956,0.857991,0.908676
1072.000000,0.904414,0.905556,0.876027,0.860578,0.920852
1073.000000,0.914612,0.909665,0.880936,0.864028,0.943683
1074.000000,0.922831,0.911644,0.885693,0.867250,0.937595
1075.000000,0.927549,0.916210,0.889764,0.870269,0.926941
1076.000000,0.931355,0.916819,0.894026,0.873465,0.927702
1077.000000,0.931811,0.918113,0.898402,0.876915,0.923135
1078.000000,0.933486,0.924049,0.904262,0.881202,0.952055
1079.000000,0.942161,0.932496,0.912062,0.886403,0.980974
1080.000000,0.949467,0.938508,0.917694,0.891273,0.963470
1081.000000,0.950228,0.940791,0.921271,0.894901,0.931507
1082.000000,0.949011,0.940411,0.922983,0.897489,0.917047
1083.000000,0.942922,0.938204,0.923935,0.900025,0.921613
1084.000000,0.932725,0.937443,0.924543,0.902943,0.929985
1085.000000,0.924505,0.936986,0.926598,0.905505,0.922374
1086.000000,0.921309,0.935769,0.926294,0.907940,0.915525
1087.000000,0.920852,0.934932,0.926522,0.910578,0.914764
1088.000000,0.919330,0.931126,0.927588,0.913217,0.914003
1089.000000,0.921005,0.926865,0.929680,0.916996,0.938356
1090.000000,0.922527,0.923516,0.931012,0.919635,0.929985
1091.000000,0.925875,0.923592,0.932192,0.922045,0.932268
1092.000000,0.928767,0.924810,0.932610,0.923592,0.929224
1093.000000,0.931202,0.925266,0.931735,0.924378,0.926180
1094.000000,0.929680,0.925342,0.931393,0.924810,0.930746
1095.000000,0.931659,0.927093,0.932040,0.926763,0.939878
1096.000000,0.935312,0.930594,0.933181,0.927727,0.950533
1097.000000,0.937443,0.933105,0.934018,0.928716,0.939878
1098.000000,0.942314,0.936758,0.933942,0.930644,0.950533
1099.000000,0.942618,0.936149,0.931507,0.931837,0.932268
1100.000000,0.941248,0.936454,0.929985,0.932826,0.933029
1101.000000,0.936986,0.936149,0.929871,0.933511,0.929224
1102.000000,0.935312,0.936377,0.930594,0.933866,0.931507
1103.000000,0.930137,0.936225,0.930746,0.933232,0.924658
1104.000000,0.929680,0.936149,0.930746,0.932978,0.929985
1105.000000,0.934703,0.937976,0.932534,0.934018,0.958143
1106.000000,0.941553,0.939269,0.934932,0.935211,0.963470
1107.000000,0.947032,0.941172,0.937139,0.936403,0.958904
1108.000000,0.955099,0.942618,0.939688,0.936834,0.964992
1109.000000,0.963014,0.946347,0.941248,0.936454,0.969559
1110.000000,0.965297,0.950000,0.943227,0.936657,0.969559
1111.000000,0.964688,0.953120,0.944635,0.937620,0.960426
1112.000000,0.964536,0.955784,0.946081,0.938990,0.958143
1113.000000,0.966514,0.960807,0.948516,0.940766,0.974886
1114.000000,0.972298,0.967656,0.951903,0.943049,0.998478
1115.000000,0.978387,0.971842,0.954909,0.945637,1.000000
1116.000000,0.984018,0.974353,0.956811,0.948072,0.988584
1117.000000,0.986910,0.975723,0.958447,0.950000,0.972603
1118.000000,0.988584,0.977549,0.960084,0.952308,0.983257
1119.000000,0.984170,0.978234,0.962291,0.953577,0.976408
1120.000000,0.975799,0.977093,0.963546,0.954515,0.958143
1121.000000,0.969863,0.976941,0.965030,0.955403,0.958904
1122.000000,0.967732,0.977321,0.966553,0.956494,0.961948
1123.000000,0.964231,0.976408,0.968607,0.957813,0.965753
1124.000000,0.961492,0.972831,0.970244,0.958879,0.962709
1125.000000,0.961492,0.968645,0.970244,0.959488,0.958143
1126.000000,0.959361,0.964612,0.969482,0.959411,0.948250
1127.000000,0.950685,0.959209,0.967466,0.958701,0.918569
1128.000000,0.940791,0.952511,0.965030,0.957560,0.916286
1129.000000,0.931507,0.946499,0.962367,0.957027,0.916286
1130.000000,0.921766,0.941629,0.959361,0.956240,0.909437
1131.000000,0.910654,0.935008,0.955974,0.955023,0.892694
1132.000000,0.905327,0.928006,0.952664,0.953704,0.891933
1133.000000,0.899391,0.920091,0.948250,0.952435,0.886606
1134.000000,0.890259,0.910883,0.941857,0.950457,0.870624
1135.000000,0.888889,0.905327,0.936986,0.948605,0.902588
1136.000000,0.892085,0.901370,0.932991,0.946778,0.908676
1137.000000,0.896499,0.900913,0.930061,0.945282,0.914003
1138.000000,0.900913,0.900152,0.926332,0.943404,0.908676
1139.000000,0.905175,0.897717,0.922108,0.940817,0.891933
1140.000000,0.906240,0.897565,0.919597,0.938762,0.907915
1141.000000,0.907306,0.899696,0.917352,0.937215,0.914003
1142.000000,0.907154,0.901826,0.914916,0.935718,0.913242
1143.000000,0.906393,0.903653,0.911872,0.933384,0.904871
1144.000000,0.922983,0.914079,0.912481,0.932598,0.974886
1145.000000,0.930594,0.918417,0.911872,0.930797,0.945967
1146.000000,0.932116,0.919711,0.910540,0.928564,0.921613
1147.000000,0.930289,0.918721,0.909817,0.926281,0.904110
1148.000000,0.930441,0.918417,0.909285,0.923694,0.905632
1149.000000,0.913546,0.918265,0.907991,0.920827,0.890411
1150.000000,0.902740,0.916667,0.907116,0.918620,0.891933
1151.000000,0.900000,0.916058,0.907877,0.916920,0.907915
1152.000000,0.901370,0.915830,0.908828,0.915221,0.910959
1153.000000,0.902740,0.916591,0.910122,0.913445,0.912481
1154.000000,0.911720,0.912633,0.913356,0.912532,0.935312
1155.000000,0.920396,0.911568,0.914992,0.911771,0.935312
1156.000000,0.926636,0.913318,0.916514,0.911466,0.939117
1157.000000,0.933333,0.917352,0.918037,0.912329,0.944444
1158.000000,0.939117,0.920928,0.919673,0.913166,0.941400
1159.000000,0.937747,0.924734,0.921499,0.913572,0.928463
1160.000000,0.935312,0.927854,0.922260,0.914028,0.923135
1161.000000,0.928615,0.927626,0.921842,0.914460,0.905632
1162.000000,0.922527,0.927930,0.921880,0.915195,0.914003
1163.000000,0.918417,0.928767,0.922679,0.916337,0.920852
1164.000000,0.915677,0.926712,0.919673,0.917808,0.914764
1165.000000,0.912177,0.923744,0.917656,0.917910,0.905632
1166.000000,0.911568,0.920091,0.916705,0.917707,0.902588
1167.000000,0.908828,0.915677,0.916514,0.917250,0.900304
1168.000000,0.903196,0.910807,0.915868,0.916717,0.892694
1169.000000,0.897869,0.906773,0.915753,0.916591,0.888128
1170.000000,0.894368,0.903272,0.915563,0.915931,0.888128
1171.000000,0.893303,0.902435,0.915030,0.915373,0.897260
1172.000000,0.891629,0.900228,0.914079,0.914663,0.891933
1173.000000,0.892390,0.897793,0.913280,0.914384,0.896499
1174.000000,0.895434,0.896651,0.911682,0.911999,0.903349
1175.000000,0.900152,0.897260,0.910502,0.910857,0.911720
1176.000000,0.906393,0.899848,0.909970,0.911086,0.928463
1177.000000,0.916134,0.903881,0.909779,0.912303,0.940639
1178.000000,0.924658,0.908524,0.909665,0.913420,0.939117
1179.000000,0.932725,0.914079,0.910426,0.915195,0.943683
1180.000000,0.939574,0.919863,0.911568,0.916996,0.945967
1181.000000,0.943531,0.924962,0.913699,0.918341,0.948250
1182.000000,0.944749,0.930441,0.915335,0.919533,0.946728
1183.000000,0.947489,0.936073,0.916933,0.920878,0.952816
1184.000000,0.952511,0.942618,0.919635,0.921994,0.968798
1185.000000,0.955860,0.947717,0.922489,0.922907,0.962709
1186.000000,0.959665,0.951598,0.925723,0.923846,0.967275
